[[ 71.64146 ]
 [ 72.48011 ]
 [ 71.323074]
 [ 65.318634]
 [ 59.802746]
 [ 72.34291 ]
 [ 78.598465]
 [ 69.08032 ]
 [ 79.54636 ]
 [ 64.72986 ]
 [ 69.64392 ]
 [ 75.85866 ]
 [ 77.34595 ]
 [ 73.09363 ]
 [ 71.670425]
 [ 66.297424]
 [ 66.07475 ]
 [ 71.403   ]
 [ 78.59982 ]
 [ 73.66841 ]
 [ 75.40321 ]
 [ 75.77585 ]
 [ 72.132324]
 [ 73.354576]
 [ 71.61001 ]
 [ 71.18985 ]
 [ 79.1594  ]
 [-25.277126]
 [ 74.32973 ]
 [ 70.81297 ]
 [ 77.302475]
 [ 66.26698 ]
 [ 61.66231 ]
 [ 76.21384 ]
 [ 76.72513 ]
 [ 70.1541  ]
 [ 64.97604 ]
 [ 73.1221  ]
 [ 69.12154 ]
 [ 76.49255 ]
 [ 60.906742]
 [ 60.79369 ]
 [ 68.32756 ]
 [ 69.936066]
 [ 65.13258 ]
 [ 67.07396 ]
 [ 75.75455 ]
 [ 57.699337]
 [ 73.28099 ]
 [ 67.1823  ]
 [ 73.95596 ]
 [ 59.058887]
 [ 71.214294]
 [ 71.43504 ]
 [ 69.43353 ]]